Publication Years	records	% of 573171
2020	9441	1.647
2019	26614	4.643
2018	23885	4.167
2017	23308	4.067
2016	22362	3.901
2015	21637	3.775
2014	20625	3.598
2013	19715	3.440
2012	19616	3.422
2011	19476	3.398
2010	19618	3.423
2009	19138	3.339
2008	17707	3.089
2007	18153	3.167
2006	15584	2.719
2005	14238	2.484
2004	13030	2.273
2003	13838	2.414
2002	12460	2.174
2001	12674	2.211
2000	11228	1.959
1999	11711	2.043
1998	11398	1.989
1997	10192	1.778
1996	11115	1.939
1995	12021	2.097
1994	9731	1.698
1993	8608	1.502
1992	8844	1.543
1991	8014	1.398
1990	8007	1.397
1989	7012	1.223
1988	6029	1.052
1987	6194	1.081
1986	5777	1.008
1985	5741	1.002
1984	5854	1.021
1983	5566	0.971
1982	4664	0.814
1981	4437	0.774
1980	4144	0.723
1979	3982	0.695
1978	3387	0.591
1977	3057	0.533
1976	2272	0.396
1975	2135	0.372
1974	2059	0.359
1973	1777	0.310
1972	1995	0.348
1971	1499	0.262
1970	1381	0.241
1969	1490	0.260
1968	1412	0.246
1967	1632	0.285
1966	1256	0.219
1965	753	0.131
1964	633	0.110
1963	450	0.079
1962	459	0.080
1961	461	0.080
1960	357	0.062
1959	327	0.057
1958	316	0.055
1957	315	0.055
1956	306	0.053
1955	293	0.051
1954	428	0.075
1953	483	0.084
1952	480	0.084
1951	435	0.076
1950	444	0.077
1949	377	0.066
1948	368	0.064
1947	292	0.051
1946	328	0.057
1945	273	0.048
1944	127	0.022
1943	132	0.023
1942	152	0.027
1941	168	0.029
1940	168	0.029
1939	178	0.031
1938	169	0.029
1937	186	0.032
1936	200	0.035
1935	194	0.034
1934	171	0.030
1933	163	0.028
1932	148	0.026
1931	176	0.031
1930	155	0.027
1929	157	0.027
1928	132	0.023
1927	140	0.024
1926	126	0.022
1925	132	0.023
1924	147	0.026
1923	130	0.023
1922	115	0.020
1921	142	0.025
1920	101	0.018
1919	74	0.013
1918	74	0.013
1917	116	0.020
1916	116	0.020
1915	104	0.018
1914	119	0.021
1913	115	0.020
1912	90	0.016
1911	64	0.011
1910	87	0.015
1909	88	0.015
1908	100	0.017
1907	85	0.015
1906	73	0.013
1905	76	0.013
1904	82	0.014
1903	82	0.014
1902	103	0.018
1901	94	0.016
1900	302	0.053
(0 records (0.000%) do not contain data in the field being analyzed.)
